Block:141
Vts:
Voter: Sun RSA public key, 2048 bits
  params: null
  modulus: 20640180675055887521644452575620784787499061121583214783698889791420730650041052864236507160970419102872598346454547579130039887603709821190205341701697266267630551716648653693760676858842385433862252154927490786841403828472113063026785183141651628450217124853092789557996345946033241695586785702577751456178505279171151706499696501462977655762972847692681538103864440193635338118980381584692605543204574601122953968720086383280211935722178134422879080133903449088424055622748435188471052664754616411119460151622766584417436197575754868439501913318022920728370815144028353446575641176500939081682827349009812021426499
  public exponent: 65537
Event: vv
Choice: Option1
Signature: [95, 123, -109, 76, 126, -70, 65, -63, -68, 108, -61, 85, 75, -91, -46, 118, 23, 97, -2, 68, -128, 80, 17, 2, 18, 78, 21, 75, 40, -125, -76, -3, -23, 17, 24, 85, -56, 21, -3, -79, 42, 4, 27, -56, -40, 17, -63, 104, 29, 126, 2, 109, -83, 71, 26, -87, 73, 37, -85, -20, 80, -21, -27, -4, -41, 48, 124, 111, -74, -57, 45, 38, -105, 34, 52, -125, -49, 83, -103, -85, -88, -116, -116, 48, -67, -50, 117, -94, -70, 27, 1, 75, 115, 116, -84, -87, -84, -97, 66, 91, 111, -16, 1, -12, 1, -21, 67, -111, 94, 105, 74, 68, 87, -46, -40, -37, -21, -73, -10, 121, -113, -62, -71, -42, -20, -1, -115, -90, 35, -121, -101, 81, 37, -110, 90, 44, 123, -96, 117, -20, 122, -24, -30, 25, 65, 18, 49, 119, 79, 2, 35, 109, 32, 98, 42, -113, -46, 93, -111, -57, 119, -7, -14, 3, -96, -85, 109, -107, -26, -121, 64, -17, 5, 5, 91, 16, -27, 21, 36, 120, -104, 75, 118, -109, 94, 111, 112, 102, -89, -12, -84, 98, -93, -109, -95, 62, 85, 87, -16, -4, -77, -104, -127, 48, -46, 52, 15, 120, -14, 43, -12, 101, -23, 69, -38, -100, 47, 73, -101, 85, -70, 77, -20, -86, -6, -49, 90, 2, 124, -100, -67, -114, 106, 42, 76, 127, -8, -34, 103, -10, -8, -75, -38, 64, -106, 47, -124, -44, -49, -68, -43, -33, 8, 112, 49, 53]
Timestamp: 2023-04-23T16:58:15.852366400ZVoter: Sun RSA public key, 2048 bits
  params: null
  modulus: 19647856316378914672066356809906419213286239251871532671244152360293763275261711267666374450929008936831697889965147430203041222151496552133338029334988629925081619601070351954459703807696361534624196024975451047408581375433371089430131135006147703894518250255825203333025069971743571712428621344090154522406719000185042205605927330555123431827329767721181824506058050425247244422807626480878054408667010622874940915720279342536524992369808225327862170550550052253695303361557261552464368312767051268607711209623823501862322959732155891030688581599379610477143761226227512459994890601157353863394069955636983277904803
  public exponent: 65537
Event: vv
Choice: Option1
Signature: [62, 56, 78, 105, -36, 51, -75, 90, -67, -85, -57, -107, -73, 38, 124, 115, 107, -75, -39, 117, 70, -105, 64, 103, 107, -55, 7, 93, 24, -22, 114, 96, -65, 21, -47, -9, 87, -68, 48, 109, -67, -126, 20, 71, 48, 10, -93, 117, 47, -14, -114, -14, 17, -107, 95, 89, 108, 104, 94, -23, -50, -52, -121, 123, -27, 48, 100, 54, 114, 9, -79, -121, 31, 104, -70, 42, 24, -57, 99, 7, 25, -59, 9, 40, 87, -54, 59, -59, 56, -108, -68, -88, -75, -18, 48, 23, -5, 34, 112, -127, 110, 55, -20, -101, -82, -61, 77, -9, 124, -19, -32, -53, -122, 50, 58, -16, 20, 111, 80, 127, -66, -34, 104, -3, 105, 121, -50, 9, -53, -127, 67, -100, 15, 40, 52, -13, 124, 33, 115, 118, 84, 5, 79, -100, -83, 5, 55, 3, -86, -28, 36, 11, 82, -7, 10, -7, -27, 117, 96, -83, -53, -77, -99, 109, 8, 26, 18, -54, 69, -4, -58, 47, -79, -20, 59, -2, -92, 109, 119, -109, 115, 78, -111, -98, -118, 124, -66, 40, 84, 34, 18, -121, -59, 28, -24, 96, -48, 57, -35, 42, -9, -15, -1, -11, 119, 94, 94, -126, 11, 78, -82, -84, 53, 69, -74, -114, 45, 35, 75, -88, -43, -26, 28, -113, -45, 6, 89, -74, -2, 107, -79, 31, -128, -114, 13, 46, -125, 67, -69, -73, 103, 84, -14, 14, -59, -102, -95, 93, -37, -53, -33, -114, 33, 7, -5, 41]
Timestamp: 2023-04-23T16:58:17.567857ZVoter: Sun RSA public key, 2048 bits
  params: null
  modulus: 29851398036150759446579200105941579428216784144622547326858143746494936818592946534303861275008417113715577746253563330329199349865227731298519741666617452496169328401020994487771530362215653871587715379814847238893338780739326420893397362324133461679465581668129484600530209529701812030788668450457205778808440345059318756816782026948976841788204777236318596955296853258676303001286761630861194118864953520596632715521502613234650681326602310375871905949257235058265051452052631997186304340675085900285047696091942344709600425547165195369299005147464526727245988110702176168867618196232021094522937707632060155724711
  public exponent: 65537
Event: vv
Choice: Option1
Signature: [56, -34, 30, 30, 36, -9, -80, 55, -104, 6, -83, 80, 90, 2, -30, -55, 50, 88, -11, -39, 109, -52, 40, 82, -13, 42, 104, 28, -73, 38, 45, 100, -71, 10, 21, 11, 106, 106, 19, 32, -128, 120, 107, 0, -63, 35, -70, 47, 43, -11, 23, 111, -64, 122, -6, 89, 13, -24, -57, -107, 124, 118, -127, -117, 6, 34, -98, -35, -64, -104, 114, -103, -96, 19, 42, 58, 8, 20, 53, -73, -119, 31, 9, -51, 63, 48, 124, -98, 103, -124, 108, 24, 114, 35, -21, 82, 34, -115, -77, 37, -78, -107, 38, 22, 36, -5, 113, 99, 119, 117, -45, 95, -80, -53, 127, 126, -99, 48, 9, 3, -41, 15, -90, 110, -50, -11, -78, -43, 41, -99, 63, -4, -89, -102, 20, -85, 63, 91, 49, 60, 18, -50, -56, -6, -126, -79, 74, 104, -111, -102, 106, -87, -40, 9, -95, 23, -88, 125, -64, -33, -58, -37, -121, -9, -127, -37, 22, -77, 58, 123, 79, 47, -101, -84, -12, 33, -128, -88, 97, 100, -16, -106, -30, -14, -11, 110, 5, -96, -120, 97, 2, -64, -63, 44, 33, -9, -90, 31, 24, 117, -88, 30, -14, 16, -2, -73, 13, -28, -94, 61, -8, 119, 100, 44, 102, -7, 92, 114, -11, 56, 108, 78, 37, 126, 120, -92, -89, 97, -87, 125, -88, -108, -122, -111, 98, -101, -109, 40, -81, 81, -4, -70, -42, 66, -58, 38, 116, 58, -46, 39, -16, -122, -115, 60, -105, 29]
Timestamp: 2023-04-23T16:58:17.603090200Z