Block:231
Vts:
Voter: Sun RSA public key, 2048 bits
  params: null
  modulus: 22190170014645109802335254130805021106833780608656489487191316075401483236651863863823506567768619882537895822550651500648202332223508872042689729272121256451087664837112095343217373188356789445166651758303835334701402016811623213594925579425569279826874523048277539616713093031713297005555397137000462518800634892819697037616376237615095891478969992809233235067269694955863325131464334027666923833391693841819674512474934428545659738268834406449066175401311486911491521423316394444144232754749170094693393824944885676288894158166649348201092749523172032884739605123672932890724174045561201085965674697959802562786627
  public exponent: 65537
Event: vv
Choice: Option1
Signature: [45, 83, 104, -99, -5, 93, 117, -32, -37, 1, 95, -88, -127, 35, -102, -115, -122, 11, 38, 43, -80, -59, 121, -67, -62, -101, 4, 51, 63, 58, 67, 98, -60, 60, -38, 86, 65, -65, 68, -83, 11, -48, 43, 32, 70, 68, 120, 8, -57, 21, -110, 86, -91, 124, 62, 50, 0, 63, 58, 33, 35, -94, -124, -71, 113, -50, 102, -110, 32, 114, 108, -53, 101, -78, 49, -81, 57, -45, 15, -28, 61, -112, -54, -52, -97, -126, -95, 0, -108, 41, -22, -104, -18, 83, -11, -112, -15, -100, -72, -90, -2, 15, -6, 7, -92, 112, -57, 26, -33, 42, -42, 47, -68, -48, 107, -25, 23, -47, -13, -17, -71, -3, -104, -90, -26, 124, -19, -52, 84, -83, 7, -63, 125, 50, 71, -79, 109, -42, -102, 27, -20, -71, -78, -110, -125, 98, -85, 11, 74, -89, -105, 108, 99, -102, 73, -55, 103, -127, -1, -92, 62, 25, -39, -107, 54, -85, -106, 117, -69, 109, -77, -112, -49, 71, 122, 106, 40, 93, 72, 24, -90, 84, 20, -13, 104, 2, -98, 5, -125, 114, -23, 30, 30, -30, 85, -49, -87, -122, 82, -94, -79, 65, -36, -28, -120, 113, -103, 12, -124, 104, 104, 101, -85, -44, 114, 9, -45, -60, -37, -79, -66, -20, -32, -107, 78, 49, -94, 41, -121, 85, -82, 87, -100, 16, -101, 102, 30, 93, -100, -127, -83, -42, -70, 5, -34, 29, -44, 93, 23, -20, -29, 27, -12, 25, 58, 26]
Timestamp: 2023-04-23T17:59:18.305531900ZVoter: Sun RSA public key, 2048 bits
  params: null
  modulus: 19934567961690423672838267360468412072075175620232337821418937623279986350975793474771089445811736416693260840580474990860401893792368509832538202362125211043425312679453486221978668130140645244053113054425808593687843410905576826582024715340660425135417098911305642652125667019773504892968384249993889042688519654600872048754665320865081824630277485923628671491021094910911219799231745419120717458238125855421778536521105490857683510452380393866605565908774241479829821817415208716452184461940356155494257984079520951093494530159960519688673588798356262989225866105143884914237792204722694940472827932736576017926681
  public exponent: 65537
Event: vv
Choice: Option1
Signature: [-104, 110, -76, -2, -74, 41, -23, 122, -55, 120, 0, 53, -72, 55, 31, -83, 98, 70, 119, -74, 122, 116, -51, 39, 18, 7, -75, -66, -74, -41, -29, -62, -107, -78, -72, 98, 6, -55, 24, 50, -88, 51, 98, -5, 68, -106, 117, 31, -92, 27, 9, 101, 123, 50, 68, -18, -128, -93, 4, 123, 19, 57, -55, 106, 6, 46, 99, 28, 51, -83, 35, -32, 116, 115, 47, 86, 75, -21, 59, 109, -5, -10, 49, -99, 10, 124, -17, -125, -31, 27, -123, 88, -42, 33, -87, -64, -32, 106, -57, 80, 46, -27, -27, 28, 75, -16, -1, -33, 18, 53, 124, -99, -47, -81, -119, -10, 68, 12, -65, -70, 103, -60, -53, 19, 48, -25, 43, 120, -82, -9, 67, -18, -63, -119, -41, 67, 67, -66, 81, -121, 15, 116, -3, -6, -23, 14, -36, 48, -88, 22, -20, -27, 65, -42, 119, 111, 65, 46, 106, -94, 82, 17, 102, 17, -126, -42, 59, 27, -48, -85, 45, -77, -49, 119, 70, 125, -28, 90, -68, -2, 11, -74, -79, -21, -52, 43, -112, 14, -98, -58, 108, 42, -60, -106, -81, -123, 26, 17, 74, -15, -74, -116, 21, 49, -25, 121, 60, -14, -19, 31, -1, -93, 33, -51, 72, 6, -103, 53, 43, 93, 78, 102, 42, -83, -78, -4, 46, -41, 45, -66, -63, -67, -73, 75, 4, 75, 83, -95, 87, 46, 110, 8, -84, -126, -55, -49, -38, -66, -89, -107, 125, 30, -107, 127, 80, 37]
Timestamp: 2023-04-23T17:59:18.307502300ZVoter: Sun RSA public key, 2048 bits
  params: null
  modulus: 21859803135242290127037153719313902245441177269155384162750837622812983981045158845657653004021214303175003853997939314852245564105712888440217662072771443343974946624169712927702150857187352681591541957755240357182540972742271537954264483653092354969485382284377946774148749827569159273590604900994492314868118932581120288130644065445225083834702702082670140312733893640721762396260601075511431275550472948766000474083047680522130831804631902418461689349161320531815171927278793704251889982935395402594870716181550742533129856191971334195778729280697579358237327927909086645530161012671848383355067629220749089036573
  public exponent: 65537
Event: vv
Choice: Option1
Signature: [111, 53, -69, -63, 67, 68, -117, 102, -21, 50, 5, 94, 1, 7, -93, 25, 2, 66, -18, -4, 2, 4, 9, 73, -83, 23, -55, -33, -23, -84, 120, -77, -88, -80, -24, 86, 13, -119, 90, -32, 68, 55, 91, -87, 101, -64, 52, -58, 3, 17, 3, 17, -84, -48, 101, 32, 5, -50, 28, 4, 67, -81, -77, 36, -87, 116, -58, -37, 36, 54, -76, 57, 39, -125, -44, -70, 58, -109, 83, 17, 125, 18, -121, 53, -43, -60, -77, -22, -100, -60, -52, -75, -99, -122, -49, 55, -105, 32, 88, -44, -6, 51, -2, 62, 13, -127, -90, 54, -2, -76, -13, -126, 120, -22, -47, 86, 114, 126, 21, -108, -15, 80, -114, 112, 5, -101, 58, 18, 88, 23, 109, 39, -74, 54, 60, -83, 76, 50, -111, -14, 87, -54, 8, -97, -57, -32, 96, -103, -112, 86, -60, 84, -115, 105, -95, 15, 33, 11, 124, -46, -107, -87, -34, -30, 41, -46, -38, -95, -61, -26, 78, 4, -124, -24, -49, -28, -88, -39, -105, -37, 125, 109, -127, -17, 86, -32, -82, -16, -120, -97, -110, 106, -77, 75, 47, 4, 14, 18, 12, 85, -108, 65, 33, 90, 28, 124, 18, -86, -91, -113, -2, 126, -110, -40, 117, -95, 58, -88, 56, -63, -20, -22, -128, -6, 79, -45, -36, 72, -100, -23, 75, 69, -122, -85, -81, 107, -64, 79, 74, 53, 37, -11, -67, 81, 44, -128, 75, -67, 105, 80, 26, -6, -114, -46, 113, 13]
Timestamp: 2023-04-23T17:59:18.310423200Z